2608.90010
2608.90011
2608.90012
2608.90013
2608.90014
2608.90015
2608.90016
2608.90017
2608.90018
2608.90019
2608.90020
2608.90021
2608.90022
2608.90023
2608.90024
2608.90025
2608.90026
2608.90027
2608.90028
2608.90029
2608.90030
2608.90031
2608.90032
2608.90033
2608.90034
2608.90035
2608.90036
2608.90037
2608.90038
2608.90039
2608.90040
2608.90041
2608.90042
2608.90043
2608.90044
2608.90045
2608.90046
2608.90047
2608.90048
2608.90049
2608.90050
2608.90051
2608.90052
2608.90053
2608.90054
2608.90055
2608.90056
2608.90057
2608.90058
2608.90059
2608.90060
2608.90061
2608.90062
2608.90063
2608.90064
2608.90065
2608.90066
2608.90067
2608.90068
2608.90069
2608.90070
2608.90071
2608.90072
2608.90073
2608.90074
2608.90075