# SST forecast, teleconnections, monsoon/drought vs Pacific
2203.07035
2504.03941
2302.00425
2106.01196
2603.28481
1609.08515
2504.12008
2605.01326
2503.01117
2004.13105
2502.17222
2309.14358
2202.02258
2306.10940
1506.03532
1901.10145
1807.03976
1702.07007
2506.08049
physics/0701170
physics/0606185
2602.19494
0910.5296
1702.06568
2401.09799
2504.07625
2508.02892
2206.01406
2607.01676
physics/0701165
2309.06833
chao-dyn/9911012
1604.04432
2209.04327
2508.00933
2502.19234
2504.16970
2305.09468
2304.09376
2511.05629
1806.10548
2112.10309
1705.06861
2604.07137
2603.03400
2603.19591
1805.03318
physics/0701162
1906.05733
1806.01750
2509.09628
1906.08298
2601.06078
2212.12161
2511.19876
2009.01171
2302.01960
2411.15202
2503.23953
2601.10914
2603.06153
2606.12141
2512.06163
1909.08573
2310.09303
2503.20585
2605.29248
2605.25436
2003.11923
1706.09216
2603.02879
2510.25563
2305.11901
2607.01781
physics/0701176
2409.18320
2108.00164
2601.11285
2412.04475
2608.03799
2409.16247
2305.13646
2101.10174
2104.05540
2406.07063
2111.00124
1510.02594
2109.07122
2001.04195
2604.16924
2511.20109
2604.22909
1105.0720
2206.01404
2509.10087
2402.13509
2001.04740
2108.13203
2202.04964
2307.03688
2601.22540
1412.6219
0907.4359
1304.8039
2412.15532
2602.00890
2110.01944
2307.04658
2207.06188
2505.22071
1803.07875
2305.02319
0901.3484
1709.03757
1910.08573
1809.04389
1705.05228
2510.02415
2307.09060
1911.10013
2504.20620
2009.02519
2606.08623
2301.13462
1709.09321
2410.22450
2205.13410
2602.06287
2312.06092
chao-dyn/9806028
2604.07861
2605.23776
1502.03178
1311.3089
2211.02888
2603.07261
2503.20466
2310.16192
2103.06206
2510.12328
2010.05320
2102.13277
1304.6148
2004.10928
2312.07199
2409.09607
2505.01455
2308.07555
1310.2328
2408.06262
2205.07933
2511.02799
2406.04541
1912.00694
2404.19035
2406.12597
1907.09725
2008.07768
2608.04230
1811.03221
2512.14916
2102.00085
2509.06457
1503.05449
2602.20928
2406.09551
1704.08107
2506.00473
1901.08169
1211.6688
2606.17070
2604.10371
2404.16834
0907.1650
2502.01550
2304.11347
2606.17076
1608.08816
2508.16168
2009.06770
2304.04717
2501.05731
2205.12201
1506.06169
2405.18602
2509.04362
1806.00144
2506.23195
2402.15379
2304.03832
1708.07448
2603.15127
1911.08178
1801.05453
2304.04140
2012.13294
2205.00325
2103.10935
2601.01864
2512.20177
2405.06801
2606.29083
2008.08532
1503.07677
2212.02832
2408.12585
2203.14498
physics/0701173
2203.12005
2603.24867
2601.00354
2301.02286
2502.03391
2304.09536
2506.22895
2605.19994
2310.02074
2308.12720
2303.08285
physics/9908052
2606.23833
1511.00810
2601.01813
2204.05356
2011.13972
2504.02102
1509.05332
1010.4142
2202.11244
2407.04256
2309.01803
1912.07388
1910.13524
2405.11848
2306.11969
2005.02140
1606.08908
2503.14859
1110.1839
2010.11831
2206.02930
2005.13619
1907.09716
1410.3946
2110.02015
2602.08511
2602.16090
2007.00239
2404.03480
1907.07813
2212.07635
2512.01965
2308.15295
2006.16606
2602.12497
2606.23880
2308.04045
2509.08102
2301.07099
2206.00067
1808.05382
1711.07970
2006.15628
2103.16180
2607.22246
2509.17015
2607.23627
2412.17737
2602.02952
2002.01825
2604.14342
1608.01202
2311.07222
2106.08968
2605.18477
2403.05740
1508.01322
1505.04305
2010.02004
2503.11948
2402.18838
2510.04911
1905.07510
2604.15371
2604.14569
2005.04271
2604.00599
2504.15509
2105.03640
1905.04589
2603.11000
2606.05173
2405.04906
1709.04696
2207.10035
2403.05852
2212.09573
2011.11911
2408.02396
2307.12507
2602.09052
2503.02482
2211.11300
2303.12489
2012.01786
2001.12006
2303.12985
2510.03383
