# ENSO core: El Nino / ENSO / Southern Oscillation / La Nina; newest first
2607.00386
2606.24358
2606.22518
2606.06728
2606.19778
2606.18901
2606.14645
2606.28462
2606.09930
2606.09369
2606.27094
2605.05524
2605.00398
2604.04998
2604.03355
2604.15262
2604.03359
2603.16312
2603.16346
2603.21856
2603.03458
2603.16272
2603.12111
2603.12515
2603.18319
2602.14560
2602.14773
2602.13847
2602.16857
2602.11313
2601.12251
2601.02050
2601.01534
2601.10181
2601.22481
2512.04698
2512.14304
2512.17153
2512.06348
2512.22710
2512.23038
2512.22678
2512.22660
2511.01214
2511.08627
2511.23458
2511.20899
2511.05071
2510.27084
2510.13634
2509.06227
2509.12490
2508.07410
2508.08490
2508.03032
2507.08738
2508.10908
2507.10516
2507.14395
2507.11335
2507.20289
2506.11206
2506.01658
2505.14828
2504.05513
2504.09189
2504.06007
2503.13614
2503.20164
2503.19502
2503.21211
2503.01412
2503.24234
2502.15356
2502.00643
2501.17781
2501.16060
2412.03743
2412.06933
2411.05264
2411.14769
2410.05329
2410.05503
2410.20072
2409.06797
2409.16313
2409.05369
2409.08174
2407.12447
2407.10931
2407.21286
2406.07853
2406.08694
2406.14474
2406.08632
2405.19986
2405.02471
2405.18391
2405.18849
2405.19518
2405.04695
2405.15412
2404.11747
2404.11928
2404.13542
2404.15419
2404.12419
2404.01572
2404.00453
2403.13836
2403.10139
2402.04585
2402.05911
2402.03229
2402.15184
2401.14804
2401.14364
2402.03318
2401.03281
2401.14053
2312.10429
2401.08648
2401.09438
2311.16370
2311.11445
2310.19066
2309.13862
2309.14734
2308.13830
2308.04167
2308.07560
2307.11552
2306.10443
2306.04074
2306.04966
2305.00669
2305.05450
2303.18067
2303.16073
2302.11357
2301.10763
2212.14179
2212.11422
2212.14025
2210.09958
2210.11210
2210.14370
2209.04259
2207.05833
2207.03230
2206.13659
2206.06649
2205.09252
2203.02657
2202.09967
2202.03138
2201.02596
2201.05102
2112.01272
2201.00050
2112.04843
2111.14724
2110.03956
2107.00843
2107.05740
2106.05543
2106.14990
2105.08918
2105.04618
2104.07174
2104.12306
2104.05089
2104.02902
2104.01435
2103.00517
2102.02192
2102.11711
2101.07465
2101.04521
2012.09858
2012.01598
2012.04996
2012.05408
2011.14444
2012.03848
2010.14610
2010.02247
2010.13025
2009.02155
2009.07955
2009.09902
2009.10860
2008.04887
2008.11410
2008.07219
2007.15637
2007.00267
2006.07972
2006.11969
2004.11411
2004.06628
2003.12867
2001.09757
1912.10508
1912.03170
1912.02013
1911.12144
1912.02100
1910.14642
1910.11736
1909.03789
1909.05096
1909.10505
1906.09492
1904.11744
1904.02855
1903.01590
1902.03198
1902.10697
1901.10960
1812.02201
1811.06705
1811.05317
1809.00878
1808.08075
1807.05676
1805.00397
1805.05525
1804.01809
1803.10076
1803.08909
1801.00891
1711.04670
1710.02756
1710.03216
1709.02606
1709.07146
1708.06114
1708.02334
1707.09853
1706.09105
1706.06096
1706.05661
1705.08171
1705.06207
1703.09138
1703.04238
1703.06662
1702.00218
1612.06303
1611.09167
1609.00547
1609.09185
1609.09616
1607.01529
1607.02645
1607.01008
1606.00566
1605.09370
1605.00346
1604.04050
1604.01742
1601.01978
1602.00319
1511.07472
1507.03283
1506.04066
1506.00756
1506.05822
1504.06033
1501.06265
1411.0815
1411.5069
1410.8081
1406.5805
1402.6316
1402.1613
1310.5494
1308.4630
1307.7514
1306.3755
1303.1581
1212.6394
1206.5657
1206.5828
1204.0286
1201.4679
1109.2818
1104.4038
1011.4352
1006.2864
1006.2937
1003.0028
1002.1024
0910.0054
0908.1828
0903.2106
0901.0537
0812.4846
0810.3882
0809.0581
0805.3464
0804.1374
0712.1312
0707.3547
physics/0702167
physics/0702159
nlin/0612043
physics/0610109
cond-mat/0606442
physics/0603083
nlin/0303056
physics/0207097
physics/0203016
physics/0201032
physics/0201061
cond-mat/0103367
physics/9904002
physics/9812040
chao-dyn/9810034
chao-dyn/9808015
astro-ph/9712188
physics/9708037
physics/9706007
ao-sci/9508001
